0.61734
0.32823
0.55668
0.40428
0.07494
0.53012
0.88375
0.62628
0.32955
0.58596
0.44891
-0.02539
0.51025
0.81723
0.65227
0.38847
0.61107
0.46719
-0.00064
0.46027
0.81274
0.69627
0.43335
0.58295
0.46586
0.12090
0.37057
0.83531
0.77129
0.46227
0.48457
0.46244
0.24546
0.23593
0.84849
0.89987
0.49064
0.36342
0.48839
0.33798
0.07104
0.85192
0.82532
0.52830
0.32223
0.54219
0.39687
-0.04414
0.85239
0.78459
0.58060
0.36044
0.58584
0.42920
-0.01783
0.85243
0.79940
0.64544
0.40535
0.57216
0.43959
0.10966
0.85243
0.83314
0.73553
0.44194
0.48246
0.44573
0.23778
0.85243
0.84961
0.87259
0.47784
0.36380
0.47930
0.33324
0.40524
0.50234
0.55717
0.11647
0.61597
0.60767
0.85531
0.44946
0.49749
0.58414
0.07901
0.56751
0.63568
0.76826
0.52002
0.47845
0.57825
0.14071
0.48806
0.70224
0.70552
0.59874
0.43190
0.54224
0.26254
0.37645
0.76240
0.64013
0.71346
0.37444
0.49724
0.37646
0.23858
0.78833
0.58490
0.90056
0.34781
0.47583
0.46205
0.10503
0.79432
0.56641
0.75406
0.38200
0.46968
0.51460
0.04590
0.79509
0.60268
0.68828
0.45661
0.45393
0.53029
0.10747
0.79515
0.68568
0.65334
0.55027
0.41404
0.51076
0.23830
0.79515
0.75807
0.61077
0.67959
0.36300
0.47829
0.36095
0.79515
0.78792
0.57104
0.87661
0.34163
0.46607
0.45350
0.26604
0.35183
0.17337
0.31571
0.34789
0.37596
0.68247
0.27331
0.33874
0.17290
0.29313
0.37388
0.36166
0.50884
0.30171
0.31709
0.20284
0.26462
0.41695
0.34861
0.42355
0.37861
0.29418
0.25070
0.22963
0.45362
0.32998
0.37119
0.55925
0.27370
0.29171
0.19088
0.46909
0.30905
0.33776
0.90876
0.26228
0.31294
0.15715
0.47275
0.30590
0.32822
0.60079
0.26496
0.30840
0.14783
0.47314
0.33852
0.32792
0.42796
0.28998
0.29486
0.17677
0.47317
0.39545
0.32543
0.36481
0.36388
0.27828
0.23141
0.47317
0.44089
0.31568
0.33384
0.54155
0.26255
0.27979
0.47317
0.45895
0.30019
0.31515
0.88917
0.25535
0.30625
0.31230
0.05197
0.37172
0.53006
0.49677
0.29238
0.68464
0.35558
-0.00118
0.35467
0.52879
0.50113
0.33272
0.50297
0.39988
0.02378
0.32057
0.56172
0.53097
0.35749
0.39186
0.46887
0.10357
0.26318
0.59797
0.54400
0.37423
0.31121
0.62629
0.18588
0.17141
0.61385
0.52338
0.39222
0.26410
0.94147
0.25523
0.05875
0.61742
0.50056
0.41101
0.26989
0.64191
0.31260
-0.01200
0.61787
0.50752
0.43813
0.30060
0.47953
0.36875
0.01059
0.61791
0.55194
0.48692
0.32959
0.38129
0.44584
0.09440
0.61791
0.59639
0.51831
0.35521
0.30694
0.60867
0.18005
0.61791
0.61484
0.51119
0.38058
0.26192
0.92734
0.25191
0.10385
0.44223
0.40414
0.54036
0.43304
0.30985
0.77396
0.14745
0.36292
0.43595
0.52888
0.50068
0.29330
0.59115
0.27755
0.27928
0.49499
0.49249
0.51839
0.25875
0.44570
0.47047
0.19562
0.54660
0.43888
0.49910
0.23343
0.34992
0.69727
0.11934
0.56833
0.39158
0.47027
0.25389
0.31544
0.96836
0.07317
0.57348
0.37722
0.48030
0.33378
0.30522
0.74144
0.10467
0.57416
0.41009
0.48754
0.41309
0.28493
0.56453
0.24115
0.57421
0.47899
0.46407
0.45119
0.25092
0.42532
0.44531
0.57421
0.53875
0.42202
0.45190
0.22696
0.33556
0.68292
0.57421
0.56307
0.38298
0.43908
0.24864
0.30670
0.96206
0.08410
0.08280
0.11966
0.14577
0.00750
0.09331
0.60611
0.13347
0.09061
0.10471
0.12399
0.00722
0.09160
0.31451
0.21528
0.10389
0.08192
0.11553
0.06906
0.10057
0.16257
0.35188
0.11272
0.06024
0.11753
0.13112
0.10272
0.10492
0.57938
0.11659
0.04961
0.12257
0.14717
0.06685
0.08676
0.93687
0.11723
0.05752
0.11951
0.12460
0.00909
0.08257
0.55862
0.11727
0.07357
0.09562
0.10468
0.00121
0.08537
0.27251
0.11728
0.09436
0.07380
0.10136
0.06143
0.09762
0.13890
0.11728
0.10685
0.05455
0.10803
0.12507
0.10141
0.09407
0.11728
0.11180
0.04518
0.11601
0.14293
0.06567
0.08211
0.52013
0.59122
0.34652
0.39197
0.48896
0.03648
0.78206
0.53682
0.57459
0.40154
0.40532
0.50002
0.07260
0.58508
0.58280
0.57259
0.45236
0.37444
0.46134
0.16613
0.40369
0.62499
0.55206
0.49482
0.32127
0.38874
0.26801
0.23550
0.64283
0.51638
0.51409
0.28503
0.35735
0.36049
0.09416
0.64693
0.49693
0.50528
0.30216
0.38229
0.42854
0.02259
0.64745
0.51635
0.50753
0.35616
0.39693
0.45662
0.05370
0.64749
0.57262
0.53017
0.41743
0.36902
0.43113
0.15141
0.64749
0.62306
0.52962
0.47166
0.31842
0.36916
0.25848
0.64749
0.64355
0.50629
0.49955
0.28346
0.34677
0.35511
0.61152
0.33806
0.55733
0.44838
-0.01299
0.49831
0.88331
0.62896
0.39268
0.58383
0.46276
0.00859
0.44790
0.84144
0.66000
0.43899
0.56701
0.45708
0.12581
0.36113
0.84333
0.71085
0.46548
0.48919
0.44904
0.24955
0.23265
0.84945
0.79537
0.48792
0.38272
0.47038
0.34259
0.07652
0.85137
0.94092
0.51967
0.33206
0.51809
0.39999
-0.03387
0.85165
0.85205
0.56368
0.36434
0.56040
0.42741
-0.01029
0.85168
0.82897
0.61679
0.41014
0.55627
0.43279
0.11378
0.85168
0.84105
0.68423
0.44418
0.48637
0.43369
0.24165
0.85168
0.85013
0.77905
0.47421
0.38212
0.46209
0.33780
0.40771
0.49201
0.56693
0.07309
0.55085
0.63597
0.84737
0.46594
0.47247
0.55768
0.12908
0.48193
0.70014
0.74659
0.52565
0.42446
0.52448
0.24816
0.37878
0.75899
0.65939
0.60279
0.36215
0.48594
0.36197
0.24585
0.78408
0.59475
0.72079
0.32441
0.47025
0.44913
0.11011
0.78985
0.57202
0.91987
0.34455
0.46672
0.49975
0.04313
0.79058
0.60474
0.77558
0.40598
0.45099
0.51146
0.09881
0.79064
0.68496
0.69883
0.47976
0.40968
0.49489
0.22606
0.79064
0.75544
0.63295
0.57095
0.35343
0.46906
0.34774
0.79064
0.78432
0.58248
0.69948
0.31983
0.46208
0.44118
0.29672
0.39919
0.17855
0.30485
0.36978
0.38691
0.72203
0.30008
0.35915
0.25466
0.25880
0.42924
0.36793
0.55259
0.31371
0.32200
0.33269
0.20726
0.48201
0.34507
0.44680
0.38402
0.29559
0.37674
0.15854
0.50529
0.32001
0.38034
0.58559
0.28744
0.38521
0.12928
0.51092
0.30195
0.35343
0.93106
0.28749
0.36127
0.15206
0.51159
0.33301
0.34475
0.64282
0.28869
0.33045
0.22749
0.51164
0.40416
0.33719
0.48958
0.30123
0.30037
0.31078
0.51164
0.46599
0.32543
0.40447
0.37087
0.27941
0.36211
0.51164
0.49216
0.30892
0.35324
0.57314
0.27678
0.37655
0.34190
-0.03072
0.36033
0.55125
0.49782
0.33565
0.68340
0.36199
0.01144
0.30428
0.58095
0.52411
0.35650
0.47995
0.38115
0.10250
0.22383
0.61572
0.56149
0.36958
0.34664
0.44336
0.18702
0.12044
0.63175
0.55250
0.38468
0.27855
0.62553
0.25202
0.01294
0.63543
0.52908
0.40474
0.27808
0.96306
0.29791
-0.04175
0.63592
0.53114
0.43531
0.30504
0.66083
0.33057
-0.00096
0.63597
0.57167
0.48202
0.32926
0.46978
0.35922
0.09368
0.63597
0.61458
0.53667
0.35088
0.34284
0.42868
0.18112
0.63597
0.63324
0.54047
0.37348
0.27671
0.61628
0.24856
0.09645
0.41851
0.47899
0.56412
0.46279
0.32610
0.76026
0.17963
0.33295
0.53562
0.53375
0.49441
0.29351
0.56487
0.32585
0.23814
0.58468
0.48148
0.49617
0.26340
0.42416
0.50450
0.14226
0.60513
0.43389
0.47787
0.26694
0.35683
0.71687
0.06501
0.60983
0.42053
0.49141
0.32199
0.33416
0.98099
0.05383
0.61047
0.45395
0.51544
0.39194
0.31565
0.74020
0.14317
0.61052
0.52138
0.50307
0.43963
0.28502
0.54760
0.30186
0.61052
0.57922
0.46403
0.45798
0.25733
0.41108
0.49095
0.61052
0.60239
0.42512
0.45274
0.26262
0.34856
0.71032
0.05117
0.00633
0.05430
0.15928
-0.04758
0.06272
0.60600
0.08867
0.02941
0.02436
0.13226
-0.01369
0.04699
0.34421
0.16541
0.04464
-0.00804
0.11055
0.05742
0.04092
0.20463
0.31094
0.05125
-0.03361
0.09605
0.11866
0.02228
0.13112
0.57080
0.05256
-0.03121
0.08142
0.14005
-0.02099
0.08638
0.95241
0.05269
-0.00985
0.05106
0.12964
-0.04883
0.05662
0.56185
0.05272
0.01761
0.01804
0.11115
-0.02052
0.04350
0.31678
0.05272
0.03544
-0.01241
0.09649
0.04992
0.03904
0.19171
0.05272
0.04277
-0.03731
0.08663
0.11235
0.02100
0.12546
0.51014
0.52966
0.34643
0.38572
0.45213
0.05546
0.75653
0.54878
0.52874
0.39404
0.37232
0.44231
0.12510
0.53504
0.58521
0.51950
0.44380
0.32499
0.38124
0.21060
0.33071
0.60041
0.49278
0.47786
0.27966
0.32926
0.29461
0.15345
0.60392
0.47570
0.47636
0.27516
0.34435
0.36826
0.04371
0.60433
0.49140
0.46899
0.31187
0.37460
0.41663
0.03982
0.60436
0.54001
0.48848
0.36660
0.36601
0.41810
0.11255
0.60436
0.58414
0.49750
0.42579
0.32235
0.36554
0.20251
0.60436
0.60188
0.48270
0.46679
0.27858
0.32053
0.29009
0.64851
0.42177
0.57057
0.49007
0.03492
0.45428
0.90338
0.66960
0.46897
0.55157
0.47844
0.15383
0.36346
0.87615
0.69951
0.49459
0.48345
0.46335
0.27761
0.23464
0.87215
0.74513
0.51450
0.39636
0.47744
0.37206
0.08307
0.87188
0.82697
0.54269
0.35710
0.51670
0.42944
-0.01669
0.87188
0.97083
0.58299
0.38817
0.54925
0.45415
0.01379
0.87188
0.89173
0.62763
0.43602
0.54135
0.45382
0.13995
0.87188
0.87331
0.67544
0.47027
0.48039
0.44785
0.26863
0.87188
0.87177
0.73238
0.49877
0.39538
0.46913
0.36670
0.43537
0.47823
0.56587
0.10768
0.45948
0.71039
0.83438
0.48075
0.42765
0.53609
0.22786
0.35896
0.76877
0.71152
0.53274
0.36040
0.49194
0.34510
0.22956
0.79414
0.62802
0.60735
0.31663
0.47616
0.43788
0.09579
0.79999
0.59341
0.73367
0.32799
0.47617
0.49738
0.02661
0.80074
0.61949
0.94609
0.37761
0.46071
0.52074
0.08028
0.80079
0.69659
0.79320
0.43657
0.41671
0.50814
0.20799
0.80079
0.76626
0.68781
0.50271
0.35454
0.47643
0.33225
0.80079
0.79524
0.61672
0.58821
0.31343
0.46881
0.43057
0.32906
0.41142
0.25731
0.28436
0.48424
0.40925
0.74641
0.31365
0.36093
0.36581
0.21519
0.54208
0.38518
0.57273
0.32238
0.32568
0.43160
0.14746
0.56783
0.36591
0.46243
0.41650
0.31702
0.44611
0.10319
0.57432
0.35836
0.40985
0.64862
0.31699
0.41835
0.12816
0.57520
0.38575
0.38434
0.95759
0.31020
0.37646
0.22794
0.57526
0.45964
0.36829
0.69658
0.29614
0.33328
0.34222
0.57527
0.52707
0.35765
0.53389
0.30667
0.30410
0.41531
0.57527
0.55601
0.35019
0.43474
0.40362
0.30240
0.43609
0.34284
-0.01048
0.33891
0.59104
0.50023
0.34526
0.67297
0.34673
0.08410
0.25625
0.62058
0.55605
0.35667
0.44951
0.36008
0.17390
0.13900
0.63480
0.57113
0.37077
0.32219
0.44264
0.24051
0.01002
0.63817
0.55408
0.39001
0.28921
0.64382
0.28564
-0.05959
0.63860
0.55061
0.41988
0.30224
0.97952
0.31400
-0.02256
0.63864
0.58237
0.46169
0.32005
0.66323
0.32702
0.07589
0.63864
0.61987
0.53339
0.33921
0.44613
0.34752
0.16834
0.63864
0.63659
0.55982
0.36036
0.32076
0.43565
0.23717
0.10924
0.37742
0.54275
0.54670
0.44700
0.31194
0.73383
0.21944
0.28092
0.58804
0.49943
0.46509
0.27884
0.52528
0.35916
0.17215
0.60696
0.45278
0.46226
0.26910
0.40139
0.52260
0.06975
0.61118
0.43596
0.46843
0.30263
0.35234
0.72188
0.02500
0.61174
0.46674
0.50915
0.35586
0.33130
0.98772
0.07648
0.61178
0.53053
0.51247
0.40339
0.30330
0.72078
0.19866
0.61178
0.58446
0.48074
0.43511
0.27333
0.51427
0.34756
0.61178
0.60615
0.44385
0.44281
0.26568
0.39404
0.51683
0.05270
0.07164
0.07280
0.22201
-0.00970
0.06747
0.63940
0.07394
0.09876
0.03482
0.18016
0.03781
0.04947
0.40658
0.14216
0.11037
0.00091
0.15323
0.12060
0.04120
0.26244
0.29973
0.11290
-0.00586
0.13669
0.19141
0.01924
0.16811
0.59099
0.11327
0.01734
0.10467
0.20852
-0.01141
0.10072
0.97380
0.11330
0.05703
0.06490
0.18632
-0.01626
0.06117
0.61551
0.11330
0.08674
0.02873
0.15612
0.02921
0.04505
0.39368
0.11330
0.09913
-0.00327
0.13785
0.11269
0.03831
0.25633
0.48430
0.45430
0.32377
0.34842
0.39285
0.09182
0.72258
0.51365
0.45441
0.37387
0.31396
0.35371
0.15590
0.46934
0.52580
0.43874
0.41625
0.26554
0.28733
0.22495
0.24541
0.52848
0.42556
0.42348
0.24202
0.28247
0.29301
0.08746
0.52879
0.43730
0.41024
0.25995
0.32510
0.34966
0.03968
0.52881
0.47694
0.41992
0.30361
0.34091
0.37438
0.08102
0.52881
0.51305
0.43475
0.36065
0.31097
0.34193
0.14909
0.52881
0.52745
0.42936
0.40825
0.26460
0.28049
0.22122
0.72537
0.52698
0.56171
0.52545
0.19905
0.38490
0.94175
0.74019
0.55081
0.49359
0.50543
0.32655
0.24892
0.92741
0.75640
0.56996
0.42371
0.51546
0.42236
0.09591
0.92489
0.79159
0.59832
0.40562
0.54933
0.48021
0.00408
0.92460
0.86948
0.63927
0.44207
0.57091
0.50303
0.04767
0.92459
0.98855
0.68077
0.48741
0.55164
0.49845
0.18262
0.92459
0.93802
0.71541
0.52194
0.48988
0.48853
0.31586
0.92459
0.92572
0.74408
0.55126
0.42203
0.50645
0.41605
0.44434
0.44465
0.53431
0.19226
0.34713
0.78121
0.81578
0.48032
0.37135
0.51441
0.31021
0.21353
0.80595
0.69406
0.52988
0.32009
0.51329
0.40376
0.07531
0.81170
0.63491
0.61301
0.32191
0.51012
0.46833
0.00039
0.81247
0.64532
0.75343
0.35972
0.48913
0.50250
0.04973
0.81253
0.71366
0.97078
0.40513
0.43861
0.50701
0.17571
0.81253
0.78002
0.79637
0.45360
0.36859
0.49955
0.29930
0.81253
0.80821
0.68432
0.51320
0.31861
0.50646
0.39743
0.32073
0.39071
0.33980
0.24345
0.57992
0.41499
0.74225
0.30141
0.34700
0.42450
0.15983
0.60333
0.39597
0.57262
0.33425
0.33218
0.45910
0.09384
0.60909
0.39860
0.47856
0.47144
0.32865
0.44657
0.09841
0.60990
0.43445
0.42612
0.69289
0.31862
0.40901
0.19085
0.60995
0.50546
0.39719
0.97841
0.29785
0.36010
0.31624
0.60995
0.56865
0.38293
0.71532
0.28284
0.32312
0.40858
0.60995
0.59544
0.37784
0.55003
0.32045
0.31629
0.44948
0.31447
0.06602
0.29168
0.58271
0.48864
0.32701
0.65005
0.31334
0.14942
0.19534
0.59313
0.53522
0.33671
0.41926
0.34061
0.21527
0.06949
0.59578
0.53376
0.35226
0.31178
0.44418
0.25986
-0.02601
0.59612
0.53084
0.37724
0.29044
0.64952
0.28793
-0.02238
0.59616
0.55289
0.41218
0.29776
0.98818
0.29842
0.05805
0.59616
0.58146
0.46954
0.31102
0.64612
0.30341
0.14426
0.59616
0.59426
0.52513
0.32703
0.41789
0.33526
0.21221
0.14965
0.31123
0.56632
0.49807
0.41461
0.28087
0.69264
0.25661
0.20162
0.58355
0.45361
0.42547
0.26429
0.47559
0.37838
0.08523
0.58741
0.43343
0.43053
0.28144
0.37167
0.52094
0.01553
0.58782
0.45755
0.47311
0.31721
0.33547
0.70930
0.03950
0.58784
0.51498
0.49691
0.35558
0.30635
0.99152
0.13254
0.58784
0.56405
0.47829
0.39068
0.27613
0.68419
0.24720
0.58784
0.58388
0.44447
0.41027
0.26166
0.46938
0.37361
0.07093
0.23563
0.15163
0.28892
0.08021
0.11588
0.68037
0.07671
0.25157
0.11893
0.25843
0.15019
0.11018
0.46336
0.14434
0.25519
0.10927
0.24652
0.24682
0.10300
0.31519
0.32781
0.25571
0.13395
0.22056
0.29624
0.07995
0.20922
0.62749
0.25575
0.18304
0.18171
0.28781
0.05902
0.14064
0.98962
0.25575
0.22350
0.14296
0.25259
0.07210
0.10873
0.67100
0.25575
0.24065
0.11372
0.23537
0.14273
0.10534
0.45811
0.40576
0.35149
0.28622
0.28189
0.29637
0.10673
0.67873
0.41415
0.34639
0.32812
0.23871
0.23113
0.15512
0.39247
0.41588
0.33991
0.33930
0.20029
0.20030
0.20842
0.17035
0.41608
0.34857
0.32329
0.19919
0.24101
0.26056
0.06231
0.41608
0.37851
0.32120
0.22958
0.28297
0.29813
0.06094
0.41608
0.40512
0.33570
0.27712
0.27829
0.28827
0.10088
0.41608
0.41529
0.33855
0.32263
0.23754
0.22621
0.15205
0.78818
0.59970
0.51023
0.54315
0.36816
0.26182
0.97863
0.78866
0.61769
0.45020
0.55295
0.46573
0.10519
0.97468
0.79843
0.64820
0.45002
0.58495
0.52345
0.01786
0.97422
0.84212
0.69208
0.49287
0.60091
0.54443
0.07291
0.97419
0.92477
0.73343
0.53489
0.57259
0.53679
0.21733
0.97419
0.99557
0.76198
0.56705
0.50606
0.52477
0.35611
0.97419
0.97598
0.77594
0.59654
0.44794
0.54318
0.45863
0.44023
0.39574
0.49387
0.26750
0.21333
0.81028
0.81035
0.47453
0.32719
0.51645
0.35872
0.06277
0.81553
0.70497
0.53125
0.31790
0.55109
0.42189
-0.02458
0.81626
0.68339
0.62776
0.34734
0.55254
0.45852
0.01723
0.81631
0.73153
0.77144
0.38223
0.48794
0.47211
0.13867
0.81631
0.78835
0.98671
0.41734
0.39639
0.47939
0.25862
0.81631
0.81359
0.80266
0.46014
0.32763
0.50975
0.35343
0.29207
0.36621
0.38171
0.18833
0.62058
0.41576
0.73486
0.29048
0.34258
0.43531
0.10146
0.62551
0.41888
0.57483
0.36625
0.33662
0.44591
0.07954
0.62613
0.45985
0.48281
0.51238
0.32634
0.42613
0.15086
0.62618
0.53212
0.43398
0.70818
0.30236
0.38423
0.26741
0.62619
0.59204
0.40861
0.98905
0.27340
0.34365
0.36758
0.62619
0.61642
0.39869
0.72027
0.27796
0.32849
0.42714
0.27539
0.14165
0.22223
0.51843
0.43931
0.29020
0.62304
0.27970
0.19692
0.13256
0.52059
0.45494
0.29829
0.39174
0.32366
0.23551
0.04765
0.52079
0.46086
0.31612
0.30071
0.43263
0.25913
0.02489
0.52082
0.48244
0.34390
0.27864
0.63771
0.26766
0.07124
0.52082
0.50621
0.38022
0.27605
0.99267
0.26719
0.13597
0.52082
0.51644
0.43040
0.28015
0.62075
0.27524
0.19364
0.20011
0.20416
0.55915
0.45317
0.38154
0.25486
0.64862
0.28742
0.09262
0.56269
0.42908
0.39213
0.26463
0.43880
0.38022
0.01573
0.56308
0.44509
0.42460
0.28904
0.35094
0.49681
0.02609
0.56311
0.49636
0.47486
0.31668
0.30675
0.67629
0.10158
0.56311
0.54165
0.47340
0.34564
0.27177
0.99432
0.19218
0.56311
0.56008
0.44386
0.36871
0.25291
0.64356
0.28330
0.07137
0.38570
0.23553
0.35050
0.18520
0.18607
0.70592
0.07669
0.38989
0.22829
0.34795
0.27779
0.18197
0.49894
0.17366
0.39051
0.25588
0.33226
0.34862
0.16622
0.34968
0.38465
0.39055
0.31112
0.29689
0.36150
0.14145
0.24649
0.66719
0.39055
0.35801
0.25696
0.33710
0.13421
0.19135
0.99639
0.39055
0.37725
0.22940
0.32153
0.17885
0.17994
0.70248
0.26685
0.21300
0.21856
0.19912
0.15328
0.09084
0.63133
0.26787
0.21324
0.22803
0.15677
0.10414
0.12172
0.32357
0.26798
0.22152
0.20880
0.13770
0.12650
0.15847
0.13148
0.26798
0.24273
0.19739
0.15112
0.18689
0.19335
0.06677
0.26798
0.25997
0.20293
0.18261
0.21792
0.19943
0.06592
0.26798
0.26637
0.20722
0.21498
0.19724
0.15024
0.08821
0.80545
0.63766
0.46189
0.56898
0.48375
0.10899
0.99547
0.80643
0.66916
0.46979
0.60116
0.54126
0.02376
0.99494
0.83844
0.71494
0.51552
0.61515
0.56160
0.08357
0.99490
0.90932
0.75672
0.55591
0.58295
0.55292
0.23237
0.99490
0.97198
0.78341
0.58633
0.51404
0.54012
0.37302
0.99490
0.99692
0.79247
0.61548
0.45940
0.55886
0.47630
0.44079
0.33892
0.48207
0.32284
0.05762
0.80959
0.81704
0.48319
0.31122
0.53370
0.38176
-0.04353
0.81020
0.74027
0.55199
0.33793
0.56482
0.41607
-0.01149
0.81024
0.75161
0.64902
0.36823
0.53637
0.42964
0.10934
0.81024
0.79006
0.78905
0.39557
0.44322
0.43930
0.22841
0.81024
0.80939
0.99459
0.42798
0.34125
0.47546
0.31842
0.26589
0.35663
0.40548
0.11328
0.64213
0.43968
0.73064
0.30416
0.35056
0.42738
0.07030
0.64266
0.48021
0.57452
0.40071
0.34120
0.42441
0.12788
0.64271
0.55332
0.49205
0.53210
0.31391
0.39760
0.24007
0.64271
0.61253
0.44836
0.71288
0.27419
0.36251
0.33874
0.64271
0.63600
0.42747
0.99405
0.25630
0.34596
0.39888
0.25185
0.21704
0.15068
0.46484
0.35274
0.26099
0.61104
0.26869
0.23940
0.11188
0.46513
0.37105
0.27311
0.39685
0.31395
0.24967
0.10735
0.46517
0.40700
0.29357
0.30970
0.41165
0.25106
0.13876
0.46517
0.43943
0.31248
0.27189
0.61612
0.24605
0.17743
0.46517
0.45300
0.33074
0.25300
0.99550
0.24658
0.21244
0.25337
0.06138
0.57251
0.45378
0.37450
0.26188
0.63599
0.31134
0.00265
0.57294
0.46135
0.40638
0.28363
0.43984
0.37002
0.02215
0.57298
0.50754
0.47197
0.30361
0.33739
0.45510
0.09788
0.57298
0.55212
0.49557
0.32313
0.27799
0.63753
0.17881
0.57298
0.57049
0.47264
0.34460
0.25078
0.99700
0.24945
0.05342
0.48800
0.31708
0.41728
0.29093
0.24365
0.72092
0.08944
0.48857
0.34885
0.41696
0.36459
0.23021
0.51682
0.23020
0.48862
0.40790
0.38644
0.39663
0.20651
0.36922
0.44350
0.48862
0.45811
0.34674
0.39076
0.19011
0.27839
0.69674
0.48862
0.47825
0.31607
0.37560
0.21176
0.24667
0.99871
0.10966
0.06159
0.11370
0.12396
0.01029
0.05146
0.59494
0.10972
0.07162
0.08999
0.09465
0.00420
0.06092
0.29123
0.10972
0.08893
0.06812
0.08701
0.06305
0.08015
0.13393
0.10972
0.10070
0.05751
0.09705
0.12766
0.08991
0.07107
0.10972
0.10533
0.05402
0.11035
0.14739
0.05959
0.05087
0.80874
0.67387
0.47467
0.60484
0.54529
0.02494
0.99946
0.83831
0.72018
0.52132
0.61854
0.56538
0.08596
0.99942
0.90666
0.76213
0.56111
0.58561
0.55651
0.23583
0.99942
0.96770
0.78849
0.59088
0.51617
0.54348
0.37709
0.99942
0.99200
0.79654
0.61972
0.46230
0.56232
0.48047
0.47406
0.30596
0.50336
0.37370
-0.04322
0.80910
0.83703
0.52545
0.33542
0.54228
0.40214
-0.01870
0.80913
0.79163
0.59301
0.37263
0.53164
0.41082
0.10037
0.80913
0.80085
0.68278
0.39928
0.45789
0.41549
0.22185
0.80913
0.81054
0.80736
0.42703
0.35555
0.44706
0.31301
0.27776
0.37352
0.44381
0.05852
0.67444
0.51022
0.73377
0.34424
0.36465
0.43346
0.11320
0.67449
0.58335
0.59088
0.43186
0.33431
0.40611
0.22948
0.67449
0.64468
0.51341
0.54533
0.28711
0.37696
0.33722
0.67449
0.66918
0.47375
0.71556
0.25468
0.36675
0.41150
0.26992
0.28888
0.12947
0.47526
0.32936
0.27747
0.64693
0.28134
0.27791
0.17574
0.47530
0.38474
0.28814
0.45021
0.30380
0.26279
0.23197
0.47531
0.43536
0.29759
0.34578
0.38389
0.25042
0.26692
0.47531
0.45722
0.30010
0.28750
0.60518
0.25222
0.28408
0.28779
-0.03472
0.60533
0.50257
0.41007
0.28736
0.65124
0.31965
0.00489
0.60538
0.54246
0.46958
0.30180
0.44559
0.34967
0.09302
0.60538
0.58498
0.53171
0.31797
0.32441
0.42570
0.17556
0.60538
0.60358
0.52509
0.33933
0.26888
0.63027
0.23999
0.04322
0.54584
0.40654
0.46480
0.35284
0.27391
0.72336
0.13288
0.54588
0.46735
0.44707
0.39606
0.25069
0.51525
0.29328
0.54588
0.51846
0.40877
0.41033
0.22918
0.37263
0.48754
0.54588
0.53865
0.37466
0.40366
0.23506
0.30516
0.71650
0.02506
-0.02755
0.02922
0.10997
-0.05993
0.01774
0.59227
0.02509
-0.00529
-0.00249
0.08501
-0.03103
0.01080
0.31854
0.02509
0.00968
-0.02731
0.07098
0.04178
0.01294
0.16787
0.02509
0.01596
-0.04584
0.06479
0.10673
0.00097
0.08660
0.83834
0.72083
0.52212
0.61896
0.56588
0.08632
0.99997
0.90637
0.76285
0.56185
0.58594
0.55687
0.23634
0.99996
0.96721
0.78919
0.59146
0.51636
0.54385
0.37768
0.99996
0.99143
0.79714
0.62022
0.46259
0.56274
0.48104
0.55385
0.35887
0.53497
0.43253
0.00037
0.83834
0.87518
0.60444
0.40563
0.52527
0.43435
0.12269
0.83834
0.84537
0.66110
0.43786
0.46145
0.43086
0.24836
0.83834
0.84229
0.72959
0.46611
0.37262
0.45409
0.34430
0.32145
0.40078
0.47600
0.08285
0.72088
0.62631
0.75417
0.37939
0.36558
0.45334
0.20467
0.72088
0.69035
0.61911
0.45205
0.30983
0.41328
0.32201
0.72088
0.71668
0.54569
0.55655
0.26949
0.40074
0.41127
0.28533
0.32491
0.18778
0.52217
0.42145
0.31622
0.68810
0.27495
0.29219
0.27814
0.52217
0.47978
0.31862
0.49664
0.28700
0.26883
0.33532
0.52217
0.50497
0.32155
0.38378
0.38630
0.26948
0.35605
0.30157
-0.02282
0.61901
0.56466
0.45151
0.29414
0.65624
0.31534
0.07198
0.61901
0.60146
0.53420
0.30903
0.43600
0.33854
0.16075
0.61901
0.61799
0.55688
0.33086
0.31550
0.43377
0.22693
0.06792
0.56590
0.49199
0.47623
0.36860
0.27876
0.70955
0.18906
0.56590
0.54146
0.44363
0.39829
0.25336
0.49218
0.33885
0.56590
0.56118
0.40861
0.40626
0.24619
0.36513
0.51188
0.08635
0.03510
0.04562
0.16095
-0.02736
0.03271
0.62498
0.08635
0.06178
0.01306
0.13108
0.01792
0.02118
0.38012
0.08635
0.07293
-0.01438
0.11567
0.10067
0.01900
0.22736
0.90635
0.76290
0.56190
0.58598
0.55689
0.23637
1.00000
0.96718
0.78925
0.59150
0.51640
0.54388
0.37772
1.00000
0.99140
0.79718
0.62026
0.46262
0.56277
0.48108
0.67024
0.46904
0.54501
0.48905
0.16820
0.90635
0.92873
0.70793
0.50556
0.48071
0.48047
0.30152
0.90635
0.91281
0.74027
0.53643
0.40690
0.49939
0.40230
0.35627
0.40689
0.47624
0.16788
0.76290
0.73331
0.77289
0.40623
0.34168
0.46503
0.28761
0.76290
0.75997
0.64612
0.47517
0.29233
0.46822
0.38106
0.27547
0.32709
0.26806
0.56190
0.52569
0.34907
0.70327
0.26053
0.29395
0.34779
0.56190
0.54974
0.34943
0.51986
0.29646
0.28816
0.38820
0.28997
0.05198
0.58598
0.57260
0.47111
0.28647
0.64357
0.29675
0.13673
0.58598
0.58516
0.52913
0.30424
0.41448
0.33228
0.20365
0.12353
0.55689
0.53523
0.45575
0.36186
0.26274
0.67611
0.23727
0.55689
0.55383
0.42188
0.38349
0.24839
0.45211
0.36472
0.23637
0.20612
0.13145
0.23384
0.06428
0.09428
0.66596
0.23637
0.22218
0.10494
0.21925
0.13232
0.09294
0.44144
0.96718
0.78925
0.59151
0.51640
0.54388
0.37773
1.00000
0.99140
0.79719
0.62026
0.46262
0.56277
0.48109
0.76319
0.56130
0.50329
0.52408
0.34674
0.96718
0.97521
0.77812
0.59313
0.43829
0.54312
0.45160
0.38490
0.38192
0.46184
0.24897
0.78925
0.78772
0.78996
0.43358
0.31343
0.49109
0.34194
0.25736
0.32408
0.32458
0.59151
0.58393
0.37805
0.70871
0.25943
0.30955
0.38349
0.26355
0.12916
0.51640
0.51316
0.43631
0.26412
0.62001
0.27364
0.18713
0.18343
0.54388
0.54178
0.43126
0.35055
0.24412
0.63699
0.27433
0.37773
0.36525
0.22274
0.31119
0.17171
0.17266
0.69613
0.99140
0.79719
0.62026
0.46262
0.56277
0.48109
0.79719
0.61554
0.45151
0.56114
0.47137
0.41444
0.33395
0.46708
0.31188
0.24340
0.33453
0.36979
0.24558
0.20749
0.24275
