0.0	123133.00000	0.0	67783.00000
0.0	254169.00000	0.0	135585.00000
0.0	397415.00000	0.0	212313.00000
0.0	553062.00000	0.0	294104.00000
0.0	711051.00000	0.0	366925.00000
0.0	851050.00000	0.0	430578.00000
0.0	976500.00000	0.0	491597.00000
0.0	1129906.00000	0.0	552971.00000
0.0	1254649.00000	0.0	615575.00000
0.0	1374857.00000	0.0	689733.00000
0.0	123133.00000	0.0	67783.00000
1.0	131036.00000	0.0	67802.00000
1.0	143246.00000	0.0	76728.00000
1.0	155647.00000	0.0	81791.00000
1.0	157989.00000	0.0	72821.00000
1.0	139999.00000	0.0	63653.00000
1.0	125450.00000	0.0	61019.00000
1.0	153406.00000	0.0	61374.00000
1.0	124743.00000	0.0	62604.00000
1.0	120208.00000	0.0	74158.00000
1.0	68102.00000	0.0	36273.00000
1.0	70273.00000	0.0	39652.00000
1.0	72123.00000	0.0	37539.00000
1.0	77615.00000	0.0	50330.00000
1.0	86112.00000	0.0	43867.00000
1.0	63368.00000	0.0	37741.00000
1.0	68835.00000	0.0	38056.00000
1.0	73367.00000	0.0	35727.00000
1.0	58647.00000	0.0	37391.00000
1.0	72037.00000	0.0	41368.00000
0.0	123133.00000	0.0	67783.00000
1.0	131036.00000	0.0	67802.00000
1.0	143246.00000	0.0	76728.00000
1.0	155647.00000	0.0	81791.00000
1.0	157989.00000	0.0	72821.00000
1.0	139999.00000	0.0	63653.00000
1.0	125450.00000	0.0	61019.00000
1.0	153406.00000	0.0	61374.00000
1.0	124743.00000	0.0	62604.00000
1.0	120208.00000	0.0	74158.00000
1.0	109681.00000	0.0	70787.00000
1.0	170136.00000	0.0	79662.00000
1.0	114371.00000	0.0	54298.00000
1.0	141452.00000	0.0	73151.00000
1.0	150099.00000	0.0	71966.00000
1.0	129703.00000	0.0	64894.00000
1.0	168696.00000	0.0	91802.00000
1.0	146100.00000	0.0	55194.00000
1.0	129350.00000	0.0	46547.00000
1.0	135658.00000	0.0	58434.00000
1.0	121999.00000	0.0	58144.00000
1.0	117847.00000	0.0	64654.00000
1.0	135878.00000	0.0	64532.00000
1.0	113827.00000	0.0	61267.00000
1.0	158280.00000	0.0	63462.00000
1.0	169629.00000	0.0	76490.00000
1.0	194968.00000	0.0	63320.00000
1.0	127822.00000	0.0	61920.00000
1.0	131691.00000	0.0	55842.00000
1.0	164842.00000	0.0	60499.00000
1.0	157616.00000	0.0	64132.00000
1.0	177530.00000	0.0	66189.00000
1.0	156105.00000	0.0	67633.00000
1.0	118422.00000	0.0	69553.00000
1.0	153814.00000	0.0	67456.00000
1.0	171499.00000	0.0	71546.00000
1.0	138977.00000	0.0	54666.00000
1.0	127538.00000	0.0	70283.00000
1.0	128317.00000	0.0	76485.00000
1.0	135967.00000	0.0	70486.00000
1.0	146963.00000	0.0	78589.00000
1.0	141934.00000	0.0	60264.00000
1.0	148195.00000	0.0	65881.00000
1.0	140393.00000	0.0	78159.00000
1.0	131547.00000	0.0	66354.00000
1.0	139952.00000	0.0	66332.00000
1.0	131527.00000	0.0	60649.00000
1.0	122433.00000	0.0	74257.00000
1.0	142712.00000	0.0	65546.00000
1.0	115527.00000	0.0	54984.00000
1.0	154627.00000	0.0	72850.00000
1.0	140728.00000	0.0	72255.00000
1.0	179392.00000	0.0	72765.00000
1.0	151251.00000	0.0	75076.00000
1.0	127390.00000	0.0	67952.00000
1.0	151542.00000	0.0	65089.00000
1.0	146568.00000	0.0	62011.00000
1.0	168431.00000	0.0	82173.00000
1.0	153246.00000	0.0	57680.00000
1.0	155704.00000	0.0	60366.00000
1.0	122373.00000	0.0	63215.00000
1.0	137273.00000	0.0	57488.00000
1.0	145461.00000	0.0	69410.00000
1.0	168772.00000	0.0	61931.00000
1.0	129159.00000	0.0	64216.00000
1.0	131019.00000	0.0	78198.00000
1.0	157384.00000	0.0	67301.00000
1.0	119729.00000	0.0	64547.00000
1.0	189659.00000	0.0	65328.00000
1.0	169661.00000	0.0	56904.00000
1.0	168794.00000	0.0	69034.00000
1.0	137154.00000	0.0	66979.00000
1.0	119947.00000	0.0	58950.00000
1.0	123871.00000	0.0	58451.00000
1.0	138430.00000	0.0	64288.00000
1.0	140779.00000	0.0	70503.00000
1.0	131645.00000	0.0	66568.00000
1.0	147572.00000	0.0	75196.00000
0.0	109717.00000	0.0	65834.00000
1.0	133288.00000	0.0	61435.00000
1.0	109584.00000	0.0	57066.00000
1.0	136121.00000	0.0	65564.00000
1.0	130341.00000	0.0	67769.00000
1.0	141661.00000	0.0	59426.00000
1.0	111048.00000	0.0	57711.00000
1.0	148661.00000	0.0	62657.00000
1.0	111638.00000	0.0	68534.00000
1.0	137416.00000	0.0	62478.00000
1.0	161103.00000	0.0	68239.00000
1.0	128331.00000	0.0	63838.00000
1.0	129618.00000	0.0	71169.00000
1.0	117525.00000	0.0	76836.00000
1.0	124519.00000	0.0	68025.00000
1.0	140204.00000	0.0	70255.00000
1.0	140503.00000	0.0	66370.00000
1.0	179718.00000	0.0	83316.00000
1.0	142335.00000	0.0	60638.00000
1.0	145498.00000	0.0	67774.00000
1.0	155412.00000	0.0	66843.00000
1.0	137093.00000	0.0	71153.00000
0.0	123133.00000	0.0	114225.00000
1.0	131036.00000	1.0	123500.00000
1.0	143246.00000	1.0	127302.00000
1.0	155647.00000	1.0	145276.00000
1.0	157989.00000	1.0	134989.00000
1.0	139999.00000	1.0	131872.00000
1.0	125450.00000	1.0	108550.00000
1.0	153406.00000	1.0	132802.00000
1.0	124743.00000	1.0	115975.00000
1.0	120208.00000	1.0	115760.00000
1.0	109681.00000	1.0	103812.00000
1.0	170136.00000	1.0	152434.00000
1.0	114371.00000	1.0	113490.00000
1.0	141452.00000	1.0	130050.00000
1.0	150099.00000	1.0	126519.00000
1.0	129703.00000	1.0	111508.00000
1.0	168696.00000	1.0	143220.00000
1.0	146100.00000	1.0	124737.00000
1.0	129350.00000	1.0	125171.00000
1.0	135658.00000	1.0	122148.00000
1.0	121999.00000	1.0	114434.00000
1.0	117847.00000	1.0	104263.00000
1.0	135878.00000	1.0	122187.00000
1.0	113827.00000	1.0	106346.00000
1.0	158280.00000	1.0	136191.00000
1.0	169629.00000	1.0	138654.00000
1.0	194968.00000	1.0	164875.00000
1.0	127822.00000	1.0	110120.00000
1.0	131691.00000	1.0	113119.00000
1.0	164842.00000	1.0	128923.00000
1.0	157616.00000	1.0	139581.00000
1.0	177530.00000	1.0	172319.00000
1.0	156105.00000	1.0	145142.00000
1.0	118422.00000	1.0	111943.00000
1.0	153814.00000	1.0	135312.00000
1.0	171499.00000	1.0	145790.00000
1.0	138977.00000	1.0	130420.00000
1.0	127538.00000	1.0	116832.00000
1.0	128317.00000	1.0	119761.00000
1.0	135967.00000	1.0	112214.00000
1.0	146963.00000	1.0	136040.00000
1.0	141934.00000	1.0	124989.00000
1.0	148195.00000	1.0	139545.00000
1.0	140393.00000	1.0	127585.00000
1.0	131547.00000	1.0	128249.00000
1.0	139952.00000	1.0	123074.00000
1.0	131527.00000	1.0	119375.00000
1.0	122433.00000	1.0	119502.00000
1.0	142712.00000	1.0	127487.00000
1.0	115527.00000	1.0	112856.00000
1.0	154627.00000	1.0	144511.00000
1.0	140728.00000	1.0	115032.00000
1.0	179392.00000	1.0	159768.00000
1.0	151251.00000	1.0	141544.00000
1.0	127390.00000	1.0	120062.00000
1.0	151542.00000	1.0	146465.00000
1.0	146568.00000	1.0	132384.00000
1.0	168431.00000	1.0	153210.00000
1.0	153246.00000	1.0	126133.00000
1.0	155704.00000	1.0	125730.00000
1.0	122373.00000	1.0	117438.00000
1.0	137273.00000	1.0	128438.00000
1.0	145461.00000	1.0	129839.00000
1.0	168772.00000	1.0	141086.00000
1.0	129159.00000	1.0	122276.00000
1.0	131019.00000	1.0	124622.00000
1.0	157384.00000	1.0	143962.00000
1.0	119729.00000	1.0	108112.00000
1.0	189659.00000	1.0	128864.00000
1.0	169661.00000	1.0	148927.00000
1.0	168794.00000	1.0	126726.00000
1.0	137154.00000	1.0	125638.00000
1.0	119947.00000	1.0	116891.00000
1.0	123871.00000	1.0	109660.00000
1.0	138430.00000	1.0	122053.00000
1.0	140779.00000	1.0	135182.00000
1.0	131645.00000	1.0	124409.00000
1.0	147572.00000	1.0	136733.00000
0.0	109717.00000	0.0	106676.00000
1.0	133288.00000	1.0	126773.00000
1.0	109584.00000	1.0	101864.00000
1.0	136121.00000	1.0	119831.00000
1.0	130341.00000	1.0	123743.00000
1.0	141661.00000	1.0	110189.00000
1.0	111048.00000	1.0	108018.00000
1.0	148661.00000	1.0	125495.00000
1.0	111638.00000	1.0	103596.00000
1.0	137416.00000	1.0	122203.00000
1.0	161103.00000	1.0	151736.00000
1.0	128331.00000	1.0	117184.00000
1.0	129618.00000	1.0	123569.00000
1.0	117525.00000	1.0	114782.00000
1.0	124519.00000	1.0	120828.00000
1.0	140204.00000	1.0	130861.00000
1.0	140503.00000	1.0	120248.00000
1.0	179718.00000	1.0	135862.00000
1.0	142335.00000	1.0	136396.00000
1.0	145498.00000	1.0	126309.00000
1.0	155412.00000	1.0	112356.00000
1.0	137093.00000	1.0	115631.00000
0.0	123133.00000	0.0	67783.00000
1.0	131036.00000	0.0	67802.00000
1.0	143246.00000	0.0	76728.00000
1.0	155647.00000	0.0	81791.00000
1.0	157989.00000	0.0	72821.00000
1.0	139999.00000	0.0	63653.00000
1.0	125450.00000	0.0	61019.00000
1.0	153406.00000	0.0	61374.00000
1.0	124743.00000	0.0	62604.00000
1.0	120208.00000	0.0	74158.00000
1.0	109681.00000	0.0	70787.00000
1.0	170136.00000	0.0	79662.00000
1.0	114371.00000	0.0	54298.00000
1.0	141452.00000	0.0	73151.00000
1.0	150099.00000	0.0	71966.00000
1.0	129703.00000	0.0	64894.00000
1.0	168696.00000	0.0	91802.00000
1.0	146100.00000	0.0	55194.00000
1.0	129350.00000	0.0	46547.00000
1.0	135658.00000	0.0	58434.00000
1.0	121999.00000	0.0	58144.00000
1.0	117847.00000	0.0	64654.00000
1.0	135878.00000	0.0	64532.00000
1.0	113827.00000	0.0	61267.00000
1.0	158280.00000	0.0	63462.00000
1.0	169629.00000	0.0	76490.00000
1.0	194968.00000	0.0	63320.00000
1.0	127822.00000	0.0	61920.00000
1.0	131691.00000	0.0	55842.00000
1.0	164842.00000	0.0	60499.00000
1.0	157616.00000	0.0	64132.00000
1.0	177530.00000	0.0	66189.00000
1.0	156105.00000	0.0	67633.00000
1.0	118422.00000	0.0	69553.00000
1.0	153814.00000	0.0	67456.00000
1.0	171499.00000	0.0	71546.00000
1.0	138977.00000	0.0	54666.00000
1.0	127538.00000	0.0	70283.00000
1.0	128317.00000	0.0	76485.00000
1.0	135967.00000	0.0	70486.00000
1.0	146963.00000	0.0	78589.00000
1.0	141934.00000	0.0	60264.00000
1.0	148195.00000	0.0	65881.00000
1.0	140393.00000	0.0	78159.00000
1.0	131547.00000	0.0	66354.00000
1.0	139952.00000	0.0	66332.00000
1.0	131527.00000	0.0	60649.00000
1.0	122433.00000	0.0	74257.00000
1.0	142712.00000	0.0	65546.00000
1.0	115527.00000	0.0	54984.00000
1.0	154627.00000	0.0	72850.00000
1.0	140728.00000	0.0	72255.00000
1.0	179392.00000	0.0	72765.00000
1.0	151251.00000	0.0	75076.00000
1.0	127390.00000	0.0	67952.00000
1.0	151542.00000	0.0	65089.00000
1.0	146568.00000	0.0	62011.00000
1.0	168431.00000	0.0	82173.00000
1.0	153246.00000	0.0	57680.00000
1.0	155704.00000	0.0	60366.00000
1.0	122373.00000	0.0	63215.00000
1.0	137273.00000	0.0	57488.00000
1.0	145461.00000	0.0	69410.00000
1.0	168772.00000	0.0	61931.00000
1.0	129159.00000	0.0	64216.00000
1.0	131019.00000	0.0	78198.00000
1.0	157384.00000	0.0	67301.00000
1.0	119729.00000	0.0	64547.00000
1.0	189659.00000	0.0	65328.00000
1.0	169661.00000	0.0	56904.00000
1.0	168794.00000	0.0	69034.00000
1.0	137154.00000	0.0	66979.00000
1.0	119947.00000	0.0	58950.00000
1.0	123871.00000	0.0	58451.00000
1.0	138430.00000	0.0	64288.00000
1.0	140779.00000	0.0	70503.00000
1.0	131645.00000	0.0	66568.00000
1.0	147572.00000	0.0	75196.00000
0.0	109717.00000	0.0	65834.00000
1.0	133288.00000	0.0	61435.00000
1.0	109584.00000	0.0	57066.00000
1.0	136121.00000	0.0	65564.00000
1.0	130341.00000	0.0	67769.00000
1.0	141661.00000	0.0	59426.00000
1.0	111048.00000	0.0	57711.00000
1.0	148661.00000	0.0	62657.00000
1.0	111638.00000	0.0	68534.00000
1.0	137416.00000	0.0	62478.00000
1.0	161103.00000	0.0	68239.00000
1.0	128331.00000	0.0	63838.00000
1.0	129618.00000	0.0	71169.00000
1.0	117525.00000	0.0	76836.00000
1.0	124519.00000	0.0	68025.00000
1.0	140204.00000	0.0	70255.00000
1.0	140503.00000	0.0	66370.00000
1.0	179718.00000	0.0	83316.00000
1.0	142335.00000	0.0	60638.00000
1.0	145498.00000	0.0	67774.00000
1.0	155412.00000	0.0	66843.00000
1.0	137093.00000	0.0	71153.00000
0.0	123133.00000	0.0	68382.00000
1.0	131036.00000	0.0	68510.00000
1.0	143246.00000	0.0	79366.00000
1.0	155647.00000	0.0	110240.00000
1.0	157989.00000	0.0	72821.00000
1.0	139999.00000	0.0	63653.00000
1.0	125450.00000	0.0	85323.00000
1.0	153406.00000	0.0	61374.00000
1.0	124743.00000	0.0	62604.00000
1.0	120208.00000	0.0	74158.00000
1.0	109681.00000	0.0	84050.00000
1.0	170136.00000	0.0	103431.00000
1.0	114371.00000	0.0	55235.00000
1.0	141452.00000	0.0	79087.00000
1.0	150099.00000	0.0	78510.00000
1.0	129703.00000	0.0	91174.00000
1.0	168696.00000	0.0	122284.00000
1.0	146100.00000	0.0	66632.00000
1.0	129350.00000	0.0	57563.00000
1.0	135658.00000	0.0	58584.00000
1.0	121999.00000	0.0	60104.00000
1.0	117847.00000	0.0	67752.00000
1.0	135878.00000	0.0	64532.00000
1.0	113827.00000	0.0	67202.00000
1.0	158280.00000	0.0	63503.00000
1.0	169629.00000	0.0	76490.00000
1.0	194968.00000	0.0	67791.00000
1.0	127822.00000	0.0	74381.00000
1.0	131691.00000	0.0	56010.00000
1.0	164842.00000	0.0	60499.00000
1.0	157616.00000	0.0	71396.00000
1.0	177530.00000	0.0	66189.00000
1.0	156105.00000	0.0	77757.00000
1.0	118422.00000	0.0	85418.00000
1.0	153814.00000	0.0	76128.00000
1.0	171499.00000	0.0	71546.00000
1.0	138977.00000	0.0	54666.00000
1.0	127538.00000	0.0	70865.00000
1.0	128317.00000	0.0	76485.00000
1.0	135967.00000	0.0	70486.00000
1.0	146963.00000	0.0	97230.00000
1.0	141934.00000	0.0	83587.00000
1.0	148195.00000	0.0	71580.00000
1.0	140393.00000	0.0	78784.00000
1.0	131547.00000	0.0	75875.00000
1.0	139952.00000	0.0	66332.00000
1.0	131527.00000	0.0	71468.00000
1.0	122433.00000	0.0	98553.00000
1.0	142712.00000	0.0	65699.00000
1.0	115527.00000	0.0	54984.00000
1.0	154627.00000	0.0	82668.00000
1.0	140728.00000	0.0	72741.00000
1.0	179392.00000	0.0	79565.00000
1.0	151251.00000	0.0	75076.00000
1.0	127390.00000	0.0	73830.00000
1.0	151542.00000	0.0	65089.00000
1.0	146568.00000	0.0	62027.00000
1.0	168431.00000	0.0	88540.00000
1.0	153246.00000	0.0	71107.00000
1.0	155704.00000	0.0	62096.00000
1.0	122373.00000	0.0	86929.00000
1.0	137273.00000	0.0	67870.00000
1.0	145461.00000	0.0	79986.00000
1.0	168772.00000	0.0	69321.00000
1.0	129159.00000	0.0	66055.00000
1.0	131019.00000	0.0	79172.00000
1.0	157384.00000	0.0	72718.00000
1.0	119729.00000	0.0	66204.00000
1.0	189659.00000	0.0	86282.00000
1.0	169661.00000	0.0	58278.00000
1.0	168794.00000	0.0	86965.00000
1.0	137154.00000	0.0	66979.00000
1.0	119947.00000	0.0	60531.00000
1.0	123871.00000	0.0	69527.00000
1.0	138430.00000	0.0	69451.00000
1.0	140779.00000	0.0	70503.00000
1.0	131645.00000	0.0	88792.00000
1.0	147572.00000	0.0	75196.00000
0.0	109717.00000	0.0	69819.00000
1.0	133288.00000	0.0	61435.00000
1.0	109584.00000	0.0	57365.00000
1.0	136121.00000	0.0	81133.00000
1.0	130341.00000	0.0	67769.00000
1.0	141661.00000	0.0	79656.00000
1.0	111048.00000	0.0	105030.00000
1.0	148661.00000	0.0	68658.00000
1.0	111638.00000	0.0	81953.00000
1.0	137416.00000	0.0	63718.00000
1.0	161103.00000	0.0	68467.00000
1.0	128331.00000	0.0	75401.00000
1.0	129618.00000	0.0	85105.00000
1.0	117525.00000	0.0	92140.00000
1.0	124519.00000	0.0	68025.00000
1.0	140204.00000	0.0	73645.00000
1.0	140503.00000	0.0	82366.00000
1.0	179718.00000	0.0	99938.00000
1.0	142335.00000	0.0	63044.00000
1.0	145498.00000	0.0	68217.00000
1.0	155412.00000	0.0	78943.00000
1.0	137093.00000	0.0	107812.00000
0.0	123133.00000	0.0	114225.00000
1.0	131036.00000	1.0	123500.00000
1.0	143246.00000	1.0	127302.00000
1.0	155647.00000	1.0	145276.00000
1.0	157989.00000	1.0	134989.00000
1.0	139999.00000	1.0	131872.00000
1.0	125450.00000	1.0	108550.00000
1.0	153406.00000	1.0	132802.00000
1.0	124743.00000	1.0	115975.00000
1.0	120208.00000	1.0	115760.00000
1.0	109681.00000	1.0	103812.00000
1.0	170136.00000	1.0	152434.00000
1.0	114371.00000	1.0	113490.00000
1.0	141452.00000	1.0	130050.00000
1.0	150099.00000	1.0	126519.00000
1.0	129703.00000	1.0	111508.00000
1.0	168696.00000	1.0	143220.00000
1.0	146100.00000	1.0	124737.00000
1.0	129350.00000	1.0	125171.00000
1.0	135658.00000	1.0	122148.00000
1.0	121999.00000	1.0	114434.00000
1.0	117847.00000	1.0	104263.00000
1.0	135878.00000	1.0	122187.00000
1.0	113827.00000	1.0	106346.00000
1.0	158280.00000	1.0	136191.00000
1.0	169629.00000	1.0	138654.00000
1.0	194968.00000	1.0	164875.00000
1.0	127822.00000	1.0	110120.00000
1.0	131691.00000	1.0	113119.00000
1.0	164842.00000	1.0	128923.00000
1.0	157616.00000	1.0	139581.00000
1.0	177530.00000	1.0	172319.00000
1.0	156105.00000	1.0	145142.00000
1.0	118422.00000	1.0	111943.00000
1.0	153814.00000	1.0	135312.00000
1.0	171499.00000	1.0	145790.00000
1.0	138977.00000	1.0	130420.00000
1.0	127538.00000	1.0	116832.00000
1.0	128317.00000	1.0	119761.00000
1.0	135967.00000	1.0	112214.00000
1.0	146963.00000	1.0	136040.00000
1.0	141934.00000	1.0	124989.00000
1.0	148195.00000	1.0	139545.00000
1.0	140393.00000	1.0	127585.00000
1.0	131547.00000	1.0	128249.00000
1.0	139952.00000	1.0	123074.00000
1.0	131527.00000	1.0	119375.00000
1.0	122433.00000	1.0	119502.00000
1.0	142712.00000	1.0	127487.00000
1.0	115527.00000	1.0	112856.00000
1.0	154627.00000	1.0	144511.00000
1.0	140728.00000	1.0	115032.00000
1.0	179392.00000	1.0	159768.00000
1.0	151251.00000	1.0	141544.00000
1.0	127390.00000	1.0	120062.00000
1.0	151542.00000	1.0	146465.00000
1.0	146568.00000	1.0	132384.00000
1.0	168431.00000	1.0	153210.00000
1.0	153246.00000	1.0	126133.00000
1.0	155704.00000	1.0	125730.00000
1.0	122373.00000	1.0	117438.00000
1.0	137273.00000	1.0	128438.00000
1.0	145461.00000	1.0	129839.00000
1.0	168772.00000	1.0	141086.00000
1.0	129159.00000	1.0	122276.00000
1.0	131019.00000	1.0	124622.00000
1.0	157384.00000	1.0	143962.00000
1.0	119729.00000	1.0	108112.00000
1.0	189659.00000	1.0	128864.00000
1.0	169661.00000	1.0	148927.00000
1.0	168794.00000	1.0	126726.00000
1.0	137154.00000	1.0	125638.00000
1.0	119947.00000	1.0	116891.00000
1.0	123871.00000	1.0	109660.00000
1.0	138430.00000	1.0	122053.00000
1.0	140779.00000	1.0	135182.00000
1.0	131645.00000	1.0	124409.00000
1.0	147572.00000	1.0	136733.00000
0.0	109717.00000	0.0	106676.00000
1.0	133288.00000	1.0	126773.00000
1.0	109584.00000	1.0	101864.00000
1.0	136121.00000	1.0	119831.00000
1.0	130341.00000	1.0	123743.00000
1.0	141661.00000	1.0	110189.00000
1.0	111048.00000	1.0	108018.00000
1.0	148661.00000	1.0	125495.00000
1.0	111638.00000	1.0	103596.00000
1.0	137416.00000	1.0	122203.00000
1.0	161103.00000	1.0	151736.00000
1.0	128331.00000	1.0	117184.00000
1.0	129618.00000	1.0	123569.00000
1.0	117525.00000	1.0	114782.00000
1.0	124519.00000	1.0	120828.00000
1.0	140204.00000	1.0	130861.00000
1.0	140503.00000	1.0	120248.00000
1.0	179718.00000	1.0	135862.00000
1.0	142335.00000	1.0	136396.00000
1.0	145498.00000	1.0	126309.00000
1.0	155412.00000	1.0	112356.00000
1.0	137093.00000	1.0	115631.00000
0.0	123133.00000	0.0	123133.00000
1.0	131036.00000	1.0	131036.00000
1.0	143246.00000	1.0	143246.00000
1.0	155647.00000	1.0	155647.00000
1.0	157989.00000	1.0	157989.00000
1.0	139999.00000	1.0	139999.00000
1.0	125450.00000	1.0	125450.00000
1.0	153406.00000	1.0	153406.00000
1.0	124743.00000	1.0	124743.00000
1.0	120208.00000	1.0	120208.00000
1.0	109681.00000	1.0	109681.00000
1.0	170136.00000	1.0	170136.00000
1.0	114371.00000	1.0	114371.00000
1.0	141452.00000	1.0	141452.00000
1.0	150099.00000	1.0	150099.00000
1.0	129703.00000	1.0	129703.00000
1.0	168696.00000	1.0	168696.00000
1.0	146100.00000	1.0	146100.00000
1.0	129350.00000	1.0	129350.00000
1.0	135658.00000	1.0	135658.00000
1.0	121999.00000	1.0	121999.00000
1.0	117847.00000	1.0	117847.00000
1.0	135878.00000	1.0	135878.00000
1.0	113827.00000	1.0	113827.00000
1.0	158280.00000	1.0	158280.00000
1.0	169629.00000	1.0	169629.00000
1.0	194968.00000	1.0	194968.00000
1.0	127822.00000	1.0	127822.00000
1.0	131691.00000	1.0	131691.00000
1.0	164842.00000	1.0	164842.00000
1.0	157616.00000	1.0	157616.00000
1.0	177530.00000	1.0	177530.00000
1.0	156105.00000	1.0	156105.00000
1.0	118422.00000	1.0	118422.00000
1.0	153814.00000	1.0	153814.00000
1.0	171499.00000	1.0	171499.00000
1.0	138977.00000	1.0	138977.00000
1.0	127538.00000	1.0	127538.00000
1.0	128317.00000	1.0	128317.00000
1.0	135967.00000	1.0	135967.00000
1.0	146963.00000	1.0	146963.00000
1.0	141934.00000	1.0	141934.00000
1.0	148195.00000	1.0	148195.00000
1.0	140393.00000	1.0	140393.00000
1.0	131547.00000	1.0	131547.00000
1.0	139952.00000	1.0	139952.00000
1.0	131527.00000	1.0	131527.00000
1.0	122433.00000	1.0	122433.00000
1.0	142712.00000	1.0	142712.00000
1.0	115527.00000	1.0	115527.00000
1.0	154627.00000	1.0	154627.00000
1.0	140728.00000	1.0	140728.00000
1.0	179392.00000	1.0	179392.00000
1.0	151251.00000	1.0	151251.00000
1.0	127390.00000	1.0	127390.00000
1.0	151542.00000	1.0	151542.00000
1.0	146568.00000	1.0	146568.00000
1.0	168431.00000	1.0	168431.00000
1.0	153246.00000	1.0	153246.00000
1.0	155704.00000	1.0	155704.00000
1.0	122373.00000	1.0	122373.00000
1.0	137273.00000	1.0	137273.00000
1.0	145461.00000	1.0	145461.00000
1.0	168772.00000	1.0	168772.00000
1.0	129159.00000	1.0	129159.00000
1.0	131019.00000	1.0	131019.00000
1.0	157384.00000	1.0	157384.00000
1.0	119729.00000	1.0	119729.00000
1.0	189659.00000	1.0	189659.00000
1.0	169661.00000	1.0	169661.00000
1.0	168794.00000	1.0	168794.00000
1.0	137154.00000	1.0	137154.00000
1.0	119947.00000	1.0	119947.00000
1.0	123871.00000	1.0	123871.00000
1.0	138430.00000	1.0	138430.00000
1.0	140779.00000	1.0	140779.00000
1.0	131645.00000	1.0	131645.00000
1.0	147572.00000	1.0	147572.00000
0.0	109717.00000	0.0	109717.00000
1.0	133288.00000	1.0	133288.00000
1.0	109584.00000	1.0	109584.00000
1.0	136121.00000	1.0	136121.00000
1.0	130341.00000	1.0	130341.00000
1.0	141661.00000	1.0	141661.00000
1.0	111048.00000	1.0	111048.00000
1.0	148661.00000	1.0	148661.00000
1.0	111638.00000	1.0	111638.00000
1.0	137416.00000	1.0	137416.00000
1.0	161103.00000	1.0	161103.00000
1.0	128331.00000	1.0	128331.00000
1.0	129618.00000	1.0	129618.00000
1.0	117525.00000	1.0	117525.00000
1.0	124519.00000	1.0	124519.00000
1.0	140204.00000	1.0	140204.00000
1.0	140503.00000	1.0	140503.00000
1.0	179718.00000	1.0	179718.00000
1.0	142335.00000	1.0	142335.00000
1.0	145498.00000	1.0	145498.00000
1.0	155412.00000	1.0	155412.00000
1.0	137093.00000	1.0	137093.00000
0.0	123133.00000	0.0	72480.00000
1.0	131036.00000	0.0	76379.00000
1.0	143246.00000	0.0	82319.00000
1.0	155647.00000	0.0	118301.00000
1.0	157989.00000	0.0	93309.00000
1.0	139999.00000	0.0	66096.00000
1.0	125450.00000	0.0	98237.00000
1.0	153406.00000	0.0	77484.00000
1.0	124743.00000	0.0	65154.00000
1.0	120208.00000	0.0	76592.00000
1.0	109681.00000	0.0	87828.00000
1.0	170136.00000	0.0	107872.00000
1.0	114371.00000	0.0	56096.00000
1.0	141452.00000	0.0	81002.00000
1.0	150099.00000	0.0	92343.00000
1.0	129703.00000	0.0	105423.00000
1.0	168696.00000	0.0	131779.00000
1.0	146100.00000	0.0	68988.00000
1.0	129350.00000	0.0	58197.00000
1.0	135658.00000	0.0	59464.00000
1.0	121999.00000	0.0	64182.00000
1.0	117847.00000	0.0	80522.00000
1.0	135878.00000	0.0	67235.00000
1.0	113827.00000	0.0	72948.00000
1.0	158280.00000	0.0	69978.00000
1.0	169629.00000	0.0	82132.00000
1.0	194968.00000	0.0	72505.00000
1.0	127822.00000	0.0	85429.00000
1.0	131691.00000	0.0	63076.00000
1.0	164842.00000	0.0	65397.00000
1.0	157616.00000	0.0	78642.00000
1.0	177530.00000	0.0	70160.00000
1.0	156105.00000	0.0	87013.00000
1.0	118422.00000	0.0	91857.00000
1.0	153814.00000	0.0	84400.00000
1.0	171499.00000	0.0	73776.00000
1.0	138977.00000	0.0	57107.00000
1.0	127538.00000	0.0	81451.00000
1.0	128317.00000	0.0	82205.00000
1.0	135967.00000	0.0	77329.00000
1.0	146963.00000	0.0	107254.00000
1.0	141934.00000	0.0	92398.00000
1.0	148195.00000	0.0	73759.00000
1.0	140393.00000	0.0	83692.00000
1.0	131547.00000	0.0	78882.00000
1.0	139952.00000	0.0	71445.00000
1.0	131527.00000	0.0	79576.00000
1.0	122433.00000	0.0	103489.00000
1.0	142712.00000	0.0	70969.00000
1.0	115527.00000	0.0	56391.00000
1.0	154627.00000	0.0	84388.00000
1.0	140728.00000	0.0	82955.00000
1.0	179392.00000	0.0	90034.00000
1.0	151251.00000	0.0	78241.00000
1.0	127390.00000	0.0	77966.00000
1.0	151542.00000	0.0	68625.00000
1.0	146568.00000	0.0	69935.00000
1.0	168431.00000	0.0	102304.00000
1.0	153246.00000	0.0	75761.00000
1.0	155704.00000	0.0	66442.00000
1.0	122373.00000	0.0	91140.00000
1.0	137273.00000	0.0	75329.00000
1.0	145461.00000	0.0	85832.00000
1.0	168772.00000	0.0	73727.00000
1.0	129159.00000	0.0	70761.00000
1.0	131019.00000	0.0	83789.00000
1.0	157384.00000	0.0	85754.00000
1.0	119729.00000	0.0	75957.00000
1.0	189659.00000	0.0	92764.00000
1.0	169661.00000	0.0	68723.00000
1.0	168794.00000	0.0	93356.00000
1.0	137154.00000	0.0	72859.00000
1.0	119947.00000	0.0	63031.00000
1.0	123871.00000	0.0	77734.00000
1.0	138430.00000	0.0	71690.00000
1.0	140779.00000	0.0	75309.00000
1.0	131645.00000	0.0	93908.00000
1.0	147572.00000	0.0	80369.00000
0.0	109717.00000	0.0	71087.00000
1.0	133288.00000	0.0	65367.00000
1.0	109584.00000	0.0	63082.00000
1.0	136121.00000	0.0	88452.00000
1.0	130341.00000	0.0	71535.00000
1.0	141661.00000	0.0	89279.00000
1.0	111048.00000	0.0	107074.00000
1.0	148661.00000	0.0	80914.00000
1.0	111638.00000	0.0	89097.00000
1.0	137416.00000	0.0	67989.00000
1.0	161103.00000	0.0	70434.00000
1.0	128331.00000	0.0	80344.00000
1.0	129618.00000	0.0	90753.00000
1.0	117525.00000	0.0	93553.00000
1.0	124519.00000	0.0	69015.00000
1.0	140204.00000	0.0	80889.00000
1.0	140503.00000	0.0	92309.00000
1.0	179718.00000	0.0	115925.00000
1.0	142335.00000	0.0	67924.00000
1.0	145498.00000	0.0	71173.00000
1.0	155412.00000	0.0	80007.00000
1.0	137093.00000	0.0	110329.00000
0.0	123133.00000	0.0	71881.00000
1.0	131036.00000	0.0	75671.00000
1.0	143246.00000	0.0	79681.00000
1.0	155647.00000	0.0	89852.00000
1.0	157989.00000	0.0	93309.00000
1.0	139999.00000	0.0	66096.00000
1.0	125450.00000	0.0	73933.00000
1.0	153406.00000	0.0	77484.00000
1.0	124743.00000	0.0	65154.00000
1.0	120208.00000	0.0	76592.00000
1.0	109681.00000	0.0	74565.00000
1.0	170136.00000	0.0	84103.00000
1.0	114371.00000	0.0	55159.00000
1.0	141452.00000	0.0	75066.00000
1.0	150099.00000	0.0	85799.00000
1.0	129703.00000	0.0	79143.00000
1.0	168696.00000	0.0	101297.00000
1.0	146100.00000	0.0	57550.00000
1.0	129350.00000	0.0	47181.00000
1.0	135658.00000	0.0	59314.00000
1.0	121999.00000	0.0	62222.00000
1.0	117847.00000	0.0	77424.00000
1.0	135878.00000	0.0	67235.00000
1.0	113827.00000	0.0	67013.00000
1.0	158280.00000	0.0	69937.00000
1.0	169629.00000	0.0	82132.00000
1.0	194968.00000	0.0	68034.00000
1.0	127822.00000	0.0	72968.00000
1.0	131691.00000	0.0	62908.00000
1.0	164842.00000	0.0	65397.00000
1.0	157616.00000	0.0	71378.00000
1.0	177530.00000	0.0	70160.00000
1.0	156105.00000	0.0	76889.00000
1.0	118422.00000	0.0	75992.00000
1.0	153814.00000	0.0	75728.00000
1.0	171499.00000	0.0	73776.00000
1.0	138977.00000	0.0	57107.00000
1.0	127538.00000	0.0	80869.00000
1.0	128317.00000	0.0	82205.00000
1.0	135967.00000	0.0	77329.00000
1.0	146963.00000	0.0	88613.00000
1.0	141934.00000	0.0	69075.00000
1.0	148195.00000	0.0	68060.00000
1.0	140393.00000	0.0	83067.00000
1.0	131547.00000	0.0	69361.00000
1.0	139952.00000	0.0	71445.00000
1.0	131527.00000	0.0	68757.00000
1.0	122433.00000	0.0	79193.00000
1.0	142712.00000	0.0	70816.00000
1.0	115527.00000	0.0	56391.00000
1.0	154627.00000	0.0	74570.00000
1.0	140728.00000	0.0	82469.00000
1.0	179392.00000	0.0	83234.00000
1.0	151251.00000	0.0	78241.00000
1.0	127390.00000	0.0	72088.00000
1.0	151542.00000	0.0	68625.00000
1.0	146568.00000	0.0	69919.00000
1.0	168431.00000	0.0	95937.00000
1.0	153246.00000	0.0	62334.00000
1.0	155704.00000	0.0	64712.00000
1.0	122373.00000	0.0	67426.00000
1.0	137273.00000	0.0	64947.00000
1.0	145461.00000	0.0	75256.00000
1.0	168772.00000	0.0	66337.00000
1.0	129159.00000	0.0	68922.00000
1.0	131019.00000	0.0	82815.00000
1.0	157384.00000	0.0	80337.00000
1.0	119729.00000	0.0	74300.00000
1.0	189659.00000	0.0	71810.00000
1.0	169661.00000	0.0	67349.00000
1.0	168794.00000	0.0	75425.00000
1.0	137154.00000	0.0	72859.00000
1.0	119947.00000	0.0	61450.00000
1.0	123871.00000	0.0	66658.00000
1.0	138430.00000	0.0	66527.00000
1.0	140779.00000	0.0	75309.00000
1.0	131645.00000	0.0	71684.00000
1.0	147572.00000	0.0	80369.00000
0.0	109717.00000	0.0	67102.00000
1.0	133288.00000	0.0	65367.00000
1.0	109584.00000	0.0	62783.00000
1.0	136121.00000	0.0	72883.00000
1.0	130341.00000	0.0	71535.00000
1.0	141661.00000	0.0	69049.00000
1.0	111048.00000	0.0	59755.00000
1.0	148661.00000	0.0	74913.00000
1.0	111638.00000	0.0	75678.00000
1.0	137416.00000	0.0	66749.00000
1.0	161103.00000	0.0	70206.00000
1.0	128331.00000	0.0	68781.00000
1.0	129618.00000	0.0	76817.00000
1.0	117525.00000	0.0	78249.00000
1.0	124519.00000	0.0	69015.00000
1.0	140204.00000	0.0	77499.00000
1.0	140503.00000	0.0	76313.00000
1.0	179718.00000	0.0	99303.00000
1.0	142335.00000	0.0	65518.00000
1.0	145498.00000	0.0	70730.00000
1.0	155412.00000	0.0	67907.00000
1.0	137093.00000	0.0	73670.00000
0.0	123133.00000	0.0	82378.00000
1.0	131036.00000	0.0	88461.00000
1.0	143246.00000	0.0	97905.00000
1.0	155647.00000	0.0	107582.00000
1.0	157989.00000	0.0	99510.00000
1.0	139999.00000	0.0	106413.00000
1.0	125450.00000	0.0	84392.00000
1.0	153406.00000	0.0	105789.00000
1.0	124743.00000	0.0	94325.00000
1.0	120208.00000	0.0	77489.00000
1.0	109681.00000	0.0	69202.00000
1.0	170136.00000	0.0	120600.00000
1.0	114371.00000	0.0	86225.00000
1.0	141452.00000	0.0	106103.00000
1.0	150099.00000	0.0	94294.00000
1.0	129703.00000	0.0	82141.00000
1.0	168696.00000	0.0	111616.00000
1.0	146100.00000	0.0	121411.00000
1.0	129350.00000	0.0	109826.00000
1.0	135658.00000	0.0	104386.00000
1.0	121999.00000	0.0	89409.00000
1.0	117847.00000	0.0	71962.00000
1.0	135878.00000	0.0	98561.00000
1.0	113827.00000	0.0	75328.00000
1.0	158280.00000	0.0	119316.00000
1.0	169629.00000	0.0	127795.00000
1.0	194968.00000	0.0	156332.00000
1.0	127822.00000	0.0	78533.00000
1.0	131691.00000	0.0	95850.00000
1.0	164842.00000	0.0	131395.00000
1.0	157616.00000	0.0	116113.00000
1.0	177530.00000	0.0	141337.00000
1.0	156105.00000	0.0	113252.00000
1.0	118422.00000	0.0	68739.00000
1.0	153814.00000	0.0	109658.00000
1.0	171499.00000	0.0	132073.00000
1.0	138977.00000	0.0	107519.00000
1.0	127538.00000	0.0	76869.00000
1.0	128317.00000	0.0	76018.00000
1.0	135967.00000	0.0	98103.00000
1.0	146963.00000	0.0	103193.00000
1.0	141934.00000	0.0	102606.00000
1.0	148195.00000	0.0	116035.00000
1.0	140393.00000	0.0	86699.00000
1.0	131547.00000	0.0	92509.00000
1.0	139952.00000	0.0	98302.00000
1.0	131527.00000	0.0	95207.00000
1.0	122433.00000	0.0	84638.00000
1.0	142712.00000	0.0	102691.00000
1.0	115527.00000	0.0	86672.00000
1.0	154627.00000	0.0	117190.00000
1.0	140728.00000	0.0	93632.00000
1.0	179392.00000	0.0	134672.00000
1.0	151251.00000	0.0	110569.00000
1.0	127390.00000	0.0	88480.00000
1.0	151542.00000	0.0	113255.00000
1.0	146568.00000	0.0	104939.00000
1.0	168431.00000	0.0	108079.00000
1.0	153246.00000	0.0	119085.00000
1.0	155704.00000	0.0	119281.00000
1.0	122373.00000	0.0	89068.00000
1.0	137273.00000	0.0	102958.00000
1.0	145461.00000	0.0	107065.00000
1.0	168772.00000	0.0	133580.00000
1.0	129159.00000	0.0	90492.00000
1.0	131019.00000	0.0	80027.00000
1.0	157384.00000	0.0	107786.00000
1.0	119729.00000	0.0	72094.00000
1.0	189659.00000	0.0	149489.00000
1.0	169661.00000	0.0	131711.00000
1.0	168794.00000	0.0	130909.00000
1.0	137154.00000	0.0	93353.00000
1.0	119947.00000	0.0	88464.00000
1.0	123871.00000	0.0	86943.00000
1.0	138430.00000	0.0	101814.00000
1.0	140779.00000	0.0	100439.00000
1.0	131645.00000	0.0	88874.00000
1.0	147572.00000	0.0	102528.00000
0.0	109717.00000	0.0	75681.00000
1.0	133288.00000	0.0	100498.00000
1.0	109584.00000	0.0	78853.00000
1.0	136121.00000	0.0	90183.00000
1.0	130341.00000	0.0	89968.00000
1.0	141661.00000	0.0	100588.00000
1.0	111048.00000	0.0	80668.00000
1.0	148661.00000	0.0	105181.00000
1.0	111638.00000	0.0	65969.00000
1.0	137416.00000	0.0	103280.00000
1.0	161103.00000	0.0	116074.00000
1.0	128331.00000	0.0	98567.00000
1.0	129618.00000	0.0	90110.00000
1.0	117525.00000	0.0	67304.00000
1.0	124519.00000	0.0	93076.00000
1.0	140204.00000	0.0	99507.00000
1.0	140503.00000	0.0	95952.00000
1.0	179718.00000	0.0	135526.00000
1.0	142335.00000	0.0	102421.00000
1.0	145498.00000	0.0	104476.00000
1.0	155412.00000	0.0	121848.00000
1.0	137093.00000	0.0	97947.00000
0.0	123133.00000	0.0	83687.00000
1.0	131036.00000	0.0	88461.00000
1.0	143246.00000	0.0	97936.00000
1.0	155647.00000	0.0	107877.00000
1.0	157989.00000	0.0	99545.00000
1.0	139999.00000	0.0	106413.00000
1.0	125450.00000	0.0	84392.00000
1.0	153406.00000	0.0	105957.00000
1.0	124743.00000	0.0	94325.00000
1.0	120208.00000	0.0	77554.00000
1.0	109681.00000	0.0	69202.00000
1.0	170136.00000	0.0	120600.00000
1.0	114371.00000	0.0	87584.00000
1.0	141452.00000	0.0	106333.00000
1.0	150099.00000	0.0	95002.00000
1.0	129703.00000	0.0	82800.00000
1.0	168696.00000	0.0	111887.00000
1.0	146100.00000	0.0	121471.00000
1.0	129350.00000	0.0	111387.00000
1.0	135658.00000	0.0	104544.00000
1.0	121999.00000	0.0	91612.00000
1.0	117847.00000	0.0	71962.00000
1.0	135878.00000	0.0	98561.00000
1.0	113827.00000	0.0	75328.00000
1.0	158280.00000	0.0	119349.00000
1.0	169629.00000	0.0	129664.00000
1.0	194968.00000	0.0	156636.00000
1.0	127822.00000	0.0	78646.00000
1.0	131691.00000	0.0	95966.00000
1.0	164842.00000	0.0	131622.00000
1.0	157616.00000	0.0	116376.00000
1.0	177530.00000	0.0	141337.00000
1.0	156105.00000	0.0	113252.00000
1.0	118422.00000	0.0	69001.00000
1.0	153814.00000	0.0	109766.00000
1.0	171499.00000	0.0	132940.00000
1.0	138977.00000	0.0	108291.00000
1.0	127538.00000	0.0	77227.00000
1.0	128317.00000	0.0	76494.00000
1.0	135967.00000	0.0	98132.00000
1.0	146963.00000	0.0	103193.00000
1.0	141934.00000	0.0	103723.00000
1.0	148195.00000	0.0	116794.00000
1.0	140393.00000	0.0	86885.00000
1.0	131547.00000	0.0	92593.00000
1.0	139952.00000	0.0	98424.00000
1.0	131527.00000	0.0	95207.00000
1.0	122433.00000	0.0	84914.00000
1.0	142712.00000	0.0	102691.00000
1.0	115527.00000	0.0	86704.00000
1.0	154627.00000	0.0	117270.00000
1.0	140728.00000	0.0	93838.00000
1.0	179392.00000	0.0	134968.00000
1.0	151251.00000	0.0	111165.00000
1.0	127390.00000	0.0	88480.00000
1.0	151542.00000	0.0	113255.00000
1.0	146568.00000	0.0	107627.00000
1.0	168431.00000	0.0	108079.00000
1.0	153246.00000	0.0	120464.00000
1.0	155704.00000	0.0	120402.00000
1.0	122373.00000	0.0	89155.00000
1.0	137273.00000	0.0	102958.00000
1.0	145461.00000	0.0	107065.00000
1.0	168772.00000	0.0	133580.00000
1.0	129159.00000	0.0	90712.00000
1.0	131019.00000	0.0	80277.00000
1.0	157384.00000	0.0	107786.00000
1.0	119729.00000	0.0	72094.00000
1.0	189659.00000	0.0	149909.00000
1.0	169661.00000	0.0	131711.00000
1.0	168794.00000	0.0	131583.00000
1.0	137154.00000	0.0	93982.00000
1.0	119947.00000	0.0	90343.00000
1.0	123871.00000	0.0	88495.00000
1.0	138430.00000	0.0	101814.00000
1.0	140779.00000	0.0	100781.00000
1.0	131645.00000	0.0	89227.00000
1.0	147572.00000	0.0	103075.00000
0.0	109717.00000	0.0	75726.00000
1.0	133288.00000	0.0	101010.00000
1.0	109584.00000	0.0	79065.00000
1.0	136121.00000	0.0	90223.00000
1.0	130341.00000	0.0	89968.00000
1.0	141661.00000	0.0	100588.00000
1.0	111048.00000	0.0	80816.00000
1.0	148661.00000	0.0	106294.00000
1.0	111638.00000	0.0	66148.00000
1.0	137416.00000	0.0	104680.00000
1.0	161103.00000	0.0	116074.00000
1.0	128331.00000	0.0	99187.00000
1.0	129618.00000	0.0	90167.00000
1.0	117525.00000	0.0	67304.00000
1.0	124519.00000	0.0	93076.00000
1.0	140204.00000	0.0	100030.00000
1.0	140503.00000	0.0	96007.00000
1.0	179718.00000	0.0	135801.00000
1.0	142335.00000	0.0	103128.00000
1.0	145498.00000	0.0	104476.00000
1.0	155412.00000	0.0	121889.00000
1.0	137093.00000	0.0	98024.00000
