0.75509
0.925586
0.518515
0.729828
0.612855
0.477678
0.558572
0.443265
0.864899
0.421255
0.563698
0.517338
0.346307
0.432942
0.183338
0.744247
0.34877
0.376918
0.406769
0.236007
0.303526
0.063862
0.549906
0.287309
0.211386
0.287829
0.154317
0.188816
0.030569
0.319282
0.223165
0.102494
0.181135
0.097949
0.103695
0.024805
0.138442
0.155827
0.045522
0.09835
0.059266
0.050658
0.024566
0.042479
0.09444
0.021425
0.046134
0.033483
0.022389
0.024414
0.009483
0.048537
0.011289
0.018577
0.017068
0.009357
0.024136
0.001467
0.020001
0.006306
0.006354
0.007759
0.003631
0.024368
0.000189
0.006887
0.003299
0.001786
0.003148
0.001507
0.024204
0.000049
0.001725
0.001586
0.000482
0.001079
0.000607
