0.0858
0.0208
0.0033
0.0603
0.0897
0.0671
0.5564
0.0923
0.0256
0.0035
0.0676
0.111
0.0393
0.6653
0.0974
0.0445
0.0062
0.0624
0.1144
0.0398
0.7424
0.1023
0.0993
0.0095
0.0442
0.1052
0.0681
0.7736
0.102
0.2218
0.0175
0.0268
0.1114
0.1295
0.7517
0.1007
0.4446
0.0446
0.0198
0.1701
0.2308
0.6847
0.103
0.6862
0.1034
0.0321
0.3021
0.361
0.5925
0.102
0.8491
0.2122
0.0748
0.4973
0.5194
0.4958
0.1019
0.9387
0.4218
0.1683
0.6856
0.6693
0.4209
0.1012
0.9755
0.6889
0.3146
0.8095
0.7803
0.3927
0.1037
0.9881
0.8798
0.4714
0.8573
0.8398
0.4139
