0.085841
0.021070
0.003472
0.060274
0.091043
0.066110
0.557719
0.091882
0.025559
0.003662
0.066899
0.110586
0.040608
0.664643
0.097216
0.044767
0.005773
0.061664
0.114464
0.040464
0.741034
0.100075
0.100609
0.009487
0.044481
0.105340
0.068605
0.771047
0.101328
0.220804
0.017428
0.026939
0.111864
0.129758
0.750238
0.102053
0.444095
0.044087
0.019779
0.171080
0.228896
0.683967
0.102360
0.686401
0.104123
0.031363
0.306217
0.363716
0.591783
0.102062
0.848431
0.210860
0.075678
0.495008
0.518889
0.496427
0.101890
0.938740
0.420940
0.170318
0.683751
0.667260
0.422953
0.101853
0.976320
0.689134
0.315243
0.811000
0.779127
0.390981
0.102231
0.987242
0.880170
0.471684
0.858158
0.839451
0.413489